Результаты с доверительными интервалами (95%):

|                              | F1-Score          | Precision         | Recall            | Word Accuracy     |
|:-----------------------------|:------------------|:------------------|:------------------|:------------------|
| ('CardHolder', 'EasyOCR')    | 0.19 [0.13, 0.24] | 0.19 [0.15, 0.24] | 0.18 [0.14, 0.23] | 0.16 [0.11, 0.23] |
| ('CardHolder', 'Ensemble')   | 0.56 [0.49, 0.62] | 0.60 [0.54, 0.65] | 0.52 [0.46, 0.57] | 0.56 [0.48, 0.64] |
| ('CardHolder', 'PaddleOCR')  | 0.56 [0.48, 0.62] | 0.60 [0.54, 0.65] | 0.52 [0.46, 0.57] | 0.56 [0.48, 0.64] |
| ('CardHolder', 'TrOCR')      | 0.59 [0.52, 0.66] | 0.59 [0.53, 0.64] | 0.60 [0.55, 0.66] | 0.51 [0.43, 0.59] |
| ('CardNumber', 'EasyOCR')    | 0.60 [0.54, 0.65] | 0.69 [0.67, 0.71] | 0.52 [0.50, 0.54] | 0.23 [0.17, 0.31] |
| ('CardNumber', 'Ensemble')   | 0.91 [0.87, 0.94] | 0.91 [0.90, 0.92] | 0.90 [0.89, 0.92] | 0.67 [0.59, 0.74] |
| ('CardNumber', 'PaddleOCR')  | 0.91 [0.87, 0.94] | 0.91 [0.90, 0.92] | 0.90 [0.89, 0.92] | 0.67 [0.59, 0.74] |
| ('CardNumber', 'TrOCR')      | 0.78 [0.74, 0.82] | 0.78 [0.76, 0.80] | 0.78 [0.76, 0.80] | 0.25 [0.18, 0.32] |
| ('DateExpired', 'EasyOCR')   | 0.56 [0.49, 0.62] | 0.63 [0.59, 0.67] | 0.50 [0.46, 0.53] | 0.32 [0.25, 0.40] |
| ('DateExpired', 'Ensemble')  | 0.94 [0.91, 0.96] | 0.94 [0.92, 0.96] | 0.93 [0.91, 0.95] | 0.81 [0.74, 0.87] |
| ('DateExpired', 'PaddleOCR') | 0.92 [0.89, 0.94] | 0.93 [0.91, 0.94] | 0.91 [0.89, 0.93] | 0.75 [0.67, 0.81] |
| ('DateExpired', 'TrOCR')     | 0.94 [0.91, 0.96] | 0.94 [0.92, 0.96] | 0.93 [0.91, 0.95] | 0.81 [0.74, 0.87] |